1.376343e-02
3.464343e-03
8.675631e-04
2.170138e-04
5.700879e-05
2.841461e-04
2.806835e-03
1.164050e+00
1.149980e+01
6.729968e+02
4.300895e+04
2.752512e+06
1.761608e+08
5.355287e+10
3.596498e+12
2.308523e+14
1.477726e+16
9.457552e+17
6.052838e+19
3.873816e+21
2.479242e+23
1.586715e+25
1.015498e+27
6.499185e+28
4.159479e+30
2.662066e+32
1.703722e+34
2.725956e+35
4.361529e+36
6.978447e+37
1.116552e+39
1.786482e+40
2.858372e+41
4.573395e+42
7.317432e+43
1.170789e+45
1.873263e+46
2.997220e+47
4.795552e+48
7.672884e+49
1.227661e+51
1.964258e+52
3.142813e+53
5.028501e+54
8.045602e+55
1.287296e+57
2.059674e+58
3.295478e+59
5.272765e+60
8.436425e+61
