[0.00000000000000000000 ; 1.00000000000000000000]
[0.00000000000000000000 ; 0.50000000000000000000]
[0.00000000000000000000 ; 0.25000000000000000000]
[0.12500000000000000000 ; 0.25000000000000000000]
[0.18750000000000000000 ; 0.25000000000000000000]
[0.21875000000000000000 ; 0.25000000000000000000]
[0.21875000000000000000 ; 0.23437500000000000000]
[0.21875000000000000000 ; 0.22656250000000000000]
[0.22265625000000000000 ; 0.22656250000000000000]
[0.22460937500000000000 ; 0.22656250000000000000]
[0.22460937500000000000 ; 0.22558593750000000000]
[0.22509765625000000000 ; 0.22558593750000000000]
[0.22509765625000000000 ; 0.22534179687500000000]
[0.22521972656250000000 ; 0.22534179687500000000]
[0.22528076171875000000 ; 0.22534179687500000000]
[0.22531127929687500000 ; 0.22534179687500000000]
--------------------------------------------
result: 0.225334167480468750000000000000
P: 0.225333477383394931159443785873
fabs(result-P)<=pow(10.0, -5.0): 1
f(result): -0.000005167694979324455317737375
f(P): 0.000000000000000166533453693773
